4D W=8 L=15 h=0.5: 1,114,047 nodes
Free prop: 17s
Born: 4.43e-15
F~M: 1.00
z=2: +0.00004366 (T) [16s]
z=3: +0.00007391 (T) [15s]
z=4: +0.00007790 (T) [16s]
z=5: +0.00007178 (T) [15s]
z=6: +0.00006522 (T) [15s]
z=7: +0.00005735 (T) [15s]
TOWARD: 6/6
Tail (z>=4): b^(-0.54)
4D Newtonian: b^(-2.0)
Total: 283s
