WAVE DIRECT-DM SINGLE-POINT RUNNER
family=Fam2 drift=0.05 restore=0.30
seed=1
H=0.250  strength=0.004000
NL=60  PW=6.000  src_layer=20
start_z_real=3.000  end_z_real=0.000
dM(early)  = +0.003777
dM(late)   = +0.005814
delta_hist = -0.002037
R_hist     = -35.03%
elapsed_s  = 111.97
rss_mb     = 696.1
