SIXTH FAMILY COMPLEX TARGETED
Run time: 2026-04-06 09:19:32 EDT

passing_rows=[(0.2, 2)]

Result row:
- drift=0.20
- seed=2
- sign=YES
- born=0.000e+00
- g0=-3.870601e-06
- d01=-4.056664e-06
- d05=-4.800909e-06
- e01=1.000
- e05=1.000
- fm0=1.000
- fm05=1.000
- t01=0
- t05=0

Conclusion:
- retained complex companions: 0
- status: closure
