WAVE DIRECT-DM SINGLE-POINT RUNNER
family=Fam1 drift=0.20 restore=0.70
seed=0
H=0.250  strength=0.004000
NL=60  PW=6.000  src_layer=20
start_z_real=3.000  end_z_real=0.000
dM(early)  = +0.004989
dM(late)   = +0.006246
delta_hist = -0.001256
R_hist     = -20.12%
elapsed_s  = 110.41
rss_mb     = 699.7
